==================================================================================================================================
PRIMARY L SWEEP, committed optimum switch (tg15p: TG 5/10 um + 1 um park), dV=1.0, RS=10
==================================================================================================================================
   L nH  W um    t_hop     pred   Ipk uA    VBpk   VBend   VAopen  trail90  tvalid90  tsettl90  t_LEVEL  Ehop fJ    E_R  E_swblk  cells Qgate fC Egate fJ  FUNC
277.8000    15  265.598   266.76    194.4  0.7381  0.6754   0.0978   165.03    291.74    279.99   291.74    8.394  0.050    0.645  1.697    1.761    3.572   YES
200.0000    15  224.719   226.34    228.3  0.7452  0.6672   0.1048   136.61    259.89    247.67   259.89    8.571  0.058    0.744  1.775    1.857    3.729   YES
150.0000    15  194.181   196.02    262.6  0.7514  0.6599   0.1114   115.92    236.99    224.45   236.99    8.723  0.066    0.844  1.834    1.866    3.783   YES
120.0000    15  173.415   175.32    292.7  0.7559  0.6543   0.1166   102.46    221.80    208.83   221.80    8.836  0.073    0.930  1.871    1.809    3.755   YES
100.0000    15  158.129   160.05    319.8  0.7593  0.6497   0.1215    92.59    211.04    197.76   211.04    8.925  0.080    1.006  1.898    1.754    3.722   YES
80.0000    15  141.263   143.15    356.3  0.7629  0.6441   0.1275    82.03    199.46    185.72   199.46    9.030  0.088    1.108  1.924    1.753    3.750   YES
60.0000    15  122.178   123.97    409.2  0.7668  0.6370   0.1361    70.30    186.95    172.70   186.95    9.157  0.101    1.253  1.949    1.893    3.937   YES
50.0000    15  111.457   113.17    446.6  0.7686  0.6325   0.1422    63.85    180.26    165.77   180.26    9.233  0.109    1.354  1.960    1.968    4.038   YES
45.0000    15  105.701   107.36    469.6  0.7695  0.6298   0.1461    60.34    176.87    162.05   176.87    9.273  0.115    1.416  1.964    1.977    4.057   YES
40.0000    15   99.622   101.22    496.8  0.7703  0.6269   0.1506    56.75    173.42    158.34   173.42    9.317  0.121    1.488  1.967    1.966    4.054    NO
35.0000    15   93.157    94.68    529.3  0.7709  0.6235   0.1559    52.94    169.93    154.50   169.93    9.365  0.128    1.574  1.968    1.954    4.051    NO
30.0000    15   86.219    87.66    569.4  0.7712  0.6196   0.1624    48.91    166.36    150.67   166.36    9.418  0.137    1.678  1.967    1.972    4.079    NO
10.0000    15   49.758    50.61    948.0  0.7614  0.5884   0.2300    28.05    157.39    137.90   157.39    9.634  0.222    2.599  1.869    2.146    4.275    NO
 3.0000    15   27.348    27.72   1602.0  0.7207  0.5422   0.3750    15.46    188.87    160.18   188.87    9.023  0.374    3.987  1.556    2.385    4.440    NO
 1.0000    15   15.928    16.00   2429.9  0.6547  0.4885   0.5976     9.16    316.18    270.68   316.18    6.379  0.609    5.823  1.224    2.662    4.557    NO

==================================================================================================================================
SWITCH WIDTH SWEEP (the speed-vs-width trade), dV=1.0, RS=10
==================================================================================================================================
   L nH  W um    t_hop     pred   Ipk uA    VBpk   VBend   VAopen  trail90  tvalid90  tsettl90  t_LEVEL  Ehop fJ    E_R  E_swblk  cells Qgate fC Egate fJ  FUNC
100.0000    15  158.129   160.05    319.8  0.7593  0.6497   0.1215    92.59    211.04    197.76   211.04    8.925  0.080    1.006  1.898    1.754    3.722   YES
100.0000    30  166.881   160.05    317.5  0.7064  0.6188   0.0752    96.34    247.16    234.20   247.16    9.810  0.083    0.452  1.584    3.910    7.064   YES
30.0000    15   86.219    87.66    569.4  0.7712  0.6196   0.1624    48.91    166.36    150.67   166.36    9.418  0.137    1.678  1.967    1.972    4.079    NO
30.0000    30   91.401    87.66    571.1  0.7146  0.6032   0.1023    51.08    198.26    183.97   198.26   10.073  0.147    0.792  1.669    4.045    7.291   YES
30.0000    60   95.807    87.66    569.6  0.6519  0.5797   0.0563    53.66    252.29    240.02   252.29   10.717  0.154    0.373  1.348    8.681   14.628    NO
30.0000   120   99.228    87.66    567.4  0.6013  0.5594   0.0236    54.95    324.06    314.77   324.06   11.192  0.159    0.193  1.093   18.464   29.085    NO
10.0000    15   49.758    50.61    948.0  0.7614  0.5884   0.2300    28.05    157.39    137.90   157.39    9.634  0.222    2.599  1.869    2.146    4.275    NO
10.0000    30   52.947    50.61    965.7  0.7126  0.5884   0.1525    29.35    181.16    165.22   181.16   10.167  0.246    1.325  1.670    4.299    7.561    NO
10.0000    60   55.568    50.61    970.9  0.6517  0.5733   0.0971    30.93    231.02    218.01   231.02   10.740  0.262    0.672  1.374    9.026   14.989    NO
10.0000   120   57.544    50.61    970.9  0.6012  0.5566   0.0592    31.69    300.39    290.98   300.39   11.198  0.272    0.369  1.115   19.075   29.731    NO
 3.0000    15   27.348    27.72   1602.0  0.7207  0.5422   0.3750    15.46    188.87    160.18   188.87    9.023  0.374    3.987  1.556    2.385    4.440    NO
 3.0000    30   29.225    27.72   1678.7  0.6963  0.5659   0.2753    16.17    188.19    169.12   188.19    9.703  0.435    2.355  1.570    4.541    7.718    NO
 3.0000    60   30.720    27.72   1713.3  0.6459  0.5638   0.2055    17.15    227.92    213.87   227.92   10.351  0.474    1.352  1.359    9.199   15.083    NO
 3.0000   120   31.793    27.72   1726.2  0.5989  0.5526   0.1598    17.60    292.16    282.52   292.16   10.881  0.498    0.818  1.117   18.936   29.497    NO
 1.0000    15   15.928    16.00   2429.9  0.6547  0.4885   0.5976     9.16    316.18    270.68   316.18    6.379  0.609    5.823  1.224    2.662    4.557    NO
 1.0000    30   17.084    16.00   2671.4  0.6639  0.5341   0.4975     9.40    232.40    207.18   232.40    7.260  0.767    4.158  1.336    4.870    7.864    NO
 1.0000    60   17.989    16.00   3014.6  0.6326  0.5491   0.4210    10.04    247.41    231.56   247.41    8.224  0.869    2.760  1.277    9.506   15.215    NO
 1.0000   120   18.603    16.00   3280.9  0.5934  0.5461   0.3730    10.36    300.90    290.88   300.90    8.973  0.932    1.857  1.083   19.214   29.612    NO
 1.0000   240   18.944    16.00   3430.1  0.5648  0.5400   0.3438    10.15    360.84    355.47   360.84    9.466  0.960    1.365  0.880   38.981   58.445    NO

==================================================================================================================================
dV = 1.2 (raised pre-charge; same bank cap; PDK LV rail ceiling), W=15, RS=10
==================================================================================================================================
   L nH  W um    t_hop     pred   Ipk uA    VBpk   VBend   VAopen  trail90  tvalid90  tsettl90  t_LEVEL  Ehop fJ    E_R  E_swblk  cells Qgate fC Egate fJ  FUNC
100.0000    15  160.703   160.05    392.5  0.8725  0.7952   0.1047   109.89    179.20    171.68   179.20   12.688  0.122    1.858  2.601    2.061    3.779   YES
40.0000    15  100.863   101.22    608.5  0.8879  0.7586   0.1478    64.61    135.49    127.19   135.49   13.532  0.183    2.703  2.879    2.350    4.330    NO
277.8000    15  270.540   266.76    239.2  0.8651  0.8273   0.0673   213.20    274.04    270.75   274.04   11.853  0.077    1.198  2.142    2.017    3.584   YES
60.0000    15  123.909   123.97    501.7  0.8819  0.7751   0.1268    81.32    151.62    143.69   151.62   13.172  0.153    2.294  2.782    2.229    4.096   YES
10.0000    15   50.124    50.61   1156.9  0.8814  0.6977   0.2553    31.05    107.80     97.38   107.80   14.384  0.332    4.533  2.852    2.642    4.842    NO
 3.0000    15   27.477    27.72   1939.9  0.8291  0.6316   0.4426    17.01    113.46     98.88   113.46   13.666  0.555    6.556  2.387    2.985    5.179    NO
30.0000    15   87.191    87.66    697.1  0.8905  0.7467   0.1644    55.22    126.66    117.98   126.66   13.768  0.208    3.029  2.919    2.372    4.415    NO
20.0000    30   75.597    71.58    847.0  0.8368  0.7205   0.1101    47.58    129.51    121.78   129.51   14.743  0.268    1.752  2.606    5.140    7.742   YES
30.0000    30   92.575    87.66    697.2  0.8348  0.7298   0.0901    59.23    140.35    132.98   140.35   14.567  0.223    1.463  2.548    4.837    7.363   YES
15.0000    30   65.495    61.99    971.3  0.8369  0.7138   0.1277    40.89    123.44    115.57   123.44   14.843  0.306    1.990  2.629    5.093    7.714   YES
20.0000    15   71.044    71.58    842.5  0.8910  0.7294   0.1924    44.42    117.10    107.87   117.10   14.056  0.248    3.538  2.936    2.477    4.598    NO
10.0000    30   53.531    50.61   1175.9  0.8350  0.7039   0.1577    33.15    117.07    108.87   117.07   14.950  0.369    2.377  2.640    5.225    7.873    NO
10.0000    60   55.813    50.61   1177.4  0.7699  0.6888   0.1035    33.66    132.82    126.55   132.82   15.591  0.385    1.237  2.289   10.893   15.473   YES
 6.0000    30   41.551    39.20   1489.9  0.8287  0.6901   0.2108    25.60    112.25    103.51   112.25   14.954  0.466    2.969  2.611    5.379    8.030    NO
45.0000    15  107.070   107.36    575.4  0.8864  0.7634   0.1414    69.02    139.80    131.53   139.80   13.431  0.174    2.579  2.856    2.356    4.308   YES
 6.0000    60   43.381    39.20   1499.9  0.7681  0.6821   0.1472    25.96    126.87    120.40   126.87   15.559  0.491    1.618  2.305   10.949   15.516   YES

==================================================================================================================================
UNEQUAL-BANK EXCURSION (CA > committed 35.979 fF).  C2 rail-drain does NOT apply:
a source bank several times the receiving bank is not meant to drain in one hop.
==================================================================================================================================
 CA fF    L nH  W um    t_hop     pred   Ipk uA    VBpk   VBend   VAopen  trail90  tvalid90  tsettl90  t_LEVEL  Ehop fJ    E_R  E_swblk  cells Qgate fC Egate fJ  FUNC
    72 45.0000    15  132.828   107.36    570.1  0.9373  0.8429   0.3484    94.27    151.92    145.27   151.92   17.588  0.211    3.199  3.223    0.756    4.558    NO
    72 20.0000    15   88.901    71.58   1021.4  1.1011  0.9756   0.4336    67.26    106.47    101.32   106.47   26.287  0.449    7.539  4.710    1.190    6.065    NO
    72 10.0000    15   61.234    50.61   1141.2  0.9318  0.7527   0.4212    40.25    105.40     96.90   105.40   18.179  0.391    5.345  3.390    1.295    5.352    NO
    72 10.0000    15   62.103    50.61   1396.4  1.0922  0.9154   0.4851    45.22     88.76     83.09    88.76   26.623  0.587    9.288  4.882    1.506    6.534    NO
    72  3.0000    15   33.147    27.72   1920.1  0.8758  0.6703   0.5226    21.53    102.34     90.47   102.34   16.870  0.627    7.279  2.877    1.722    5.675    NO
    72  3.0000    30   37.142    27.72   2100.7  0.8520  0.7033   0.3912    24.91    105.38     97.12   105.38   20.367  0.838    4.758  2.904    3.113    8.651    NO
   144 10.0000    15   72.165    50.61   1297.3  1.0964  0.9362   0.6121    53.00     95.53     90.06    95.53   28.008  0.584    9.059  4.961    0.320    6.583    NO
   144  6.0000    15   55.127    39.20   1620.8  1.0765  0.8822   0.6379    39.69     85.77     79.73    85.77   27.437  0.700   10.235  4.874    0.597    6.825    NO
   144  5.0000    15   50.085    35.79   1752.1  1.0662  0.8626   0.6483    35.91     83.38     77.08    83.38   27.089  0.746   10.633  4.790    0.699    6.896    NO
   144  3.0000    15   38.320    27.72   2167.7  1.0282  0.8063   0.6807    27.21     79.73     72.50    79.73   25.683  0.893   11.634  4.420    0.990    7.057    NO
   144  3.0000    30   44.876    27.72   2482.7  1.0232  0.8640   0.5536    35.02     83.95     78.96    83.95   35.244  1.386    9.100  4.574    1.432   10.781    NO
   144  3.0000    60   50.295    27.72   2755.7  0.9212  0.8267   0.4309    38.77     96.81     92.95    96.81   45.078  1.901    6.131  3.761    3.671   15.637    NO
   144  2.0000    15   31.033    22.63   2548.6  0.9889  0.7606   0.7110    21.95     80.11     71.85    80.11   23.949  1.032   12.287  4.019    1.226    7.147    NO
   144  1.0000    15   21.737    16.00   3295.4  0.9081  0.6819   0.7729    15.28     89.54     78.29    89.54   19.400  1.335   13.278  3.209    1.633    7.185    NO

==================================================================================================================================
SENSITIVITY (secondary; never a primary row)
==================================================================================================================================
   L nH  W um    t_hop     pred   Ipk uA    VBpk   VBend   VAopen  trail90  tvalid90  tsettl90  t_LEVEL  Ehop fJ    E_R  E_swblk  cells Qgate fC Egate fJ  FUNC
10.0000    15   49.735    50.61    957.8  0.7651  0.5915   0.2228    28.20    155.04    136.01   155.04    9.626  0.023    2.657  1.899    2.130    4.296    NO
10.0000    15   49.758    50.61    948.0  0.7614  0.5982   0.2300    28.91    157.39    145.45   157.39    9.419  0.222    2.599  1.551    1.931    4.048    NO
 1.0000    15   16.435    16.00   2450.3  0.6573  0.4873   0.3380     9.65    321.93    276.35   321.93   10.796  0.458    5.777  1.235    2.668    4.447    NO
 1.0000    15   15.864    16.00   2518.6  0.6609  0.4922   0.6030     9.26    299.88    254.90   299.88    6.124  0.067    6.189  1.216    2.643    4.645    NO
 1.0000    60   17.955    16.00   3400.9  0.6384  0.5541   0.4179    10.26    236.67    221.46   236.67    8.169  0.096    2.991  1.325    9.403   15.205    NO
 3.0000    15   27.307    27.72   1631.5  0.7261  0.5462   0.3678    15.60    183.18    155.54   183.18    9.038  0.039    4.122  1.596    2.364    4.488    NO
 3.0000    15   27.348    27.72   1602.0  0.7207  0.5685   0.3750    16.90         -         -        -    8.482  0.374    3.987  0.752    2.266    4.333    NO

==================================================================================================================================
CELL FLOOR (cellcmp / cellcmp2): the SAME cell the hop feeds, 2 fF load
==================================================================================================================================
case                         VDD   wp um |    t50 ps    t90 ps    t95 ps
cellcmp/q060 qal         0.60000    1.12 |    68.888   229.272   272.836
cellcmp/q0676 qal        0.67589    1.12 |    42.149   137.386   164.879
cellcmp/q080 qal         0.80000    1.12 |    25.632    81.043    98.146
cellcmp/q100 qal         1.00000    1.12 |    16.910    51.505    62.838
cellcmp/q120 qal         1.20000    1.12 |    13.632    40.417    49.459
cellcmp/c0676 cmos       0.67589    1.12 |   106.036   201.273   228.766
cellcmp/c100 cmos        1.00000    1.12 |    39.085    73.680    85.013
cellcmp/c120 cmos        1.20000    1.12 |    30.357    57.143    66.185
cellcmp2/aL278 qal       0.67543    1.12 |    42.254   137.745   165.303
cellcmp2/aL100 qal       0.64968    1.12 |    48.891   160.493   192.107
cellcmp2/aL30 qal        0.61960    1.12 |    59.522   197.021   235.032
cellcmp2/aL10 qal        0.58838    1.12 |    75.697   252.752   300.312
cellcmp2/aL3 qal         0.54221    1.12 |   117.670   397.870   469.475
cellcmp2/aL1 qal         0.48852    1.12 |   234.126   801.266   936.492
cellcmp2/bq112 qal       0.67543    1.12 |    42.254   137.745   165.303
cellcmp2/bc112 cmos      1.20000    1.12 |    30.358    57.143    66.185
cellcmp2/bq224 qal       0.67543    2.24 |    19.080    75.729    92.974
cellcmp2/bc224 cmos      1.20000    2.24 |    20.205    37.401    43.457
cellcmp2/bq448 qal       0.67543    4.48 |     8.610    47.875    60.376
cellcmp2/bc448 cmos      1.20000    4.48 |    15.250    27.675    32.216

==================================================================================================================================
HEADLINE
==================================================================================================================================
fastest t_hop ANY row:             L1_W15_rs1           L=1       W=15    t_hop   15.864 ps  t_level   299.88 ps  VBend 0.4922  Ehop   6.124 fJ  (0.765 fJ/cell)
fastest t_hop FUNCTIONAL:          L6_W60_dv120         L=6       W=60    t_hop   43.381 ps  t_level   126.87 ps  VBend 0.6821  Ehop  15.559 fJ  (1.945 fJ/cell)
fastest t_level FUNCTIONAL:        L15_W30_dv120        L=15      W=30    t_hop   65.495 ps  t_level   123.44 ps  VBend 0.7138  Ehop  14.843 fJ  (1.855 fJ/cell)

  vs sha_slice CMOS logic level  92.8 ps : t_hop 0.71x, t_level 1.33x
  vs CMOS inverter floor         34.81 ps : t_hop 1.88x, t_level 3.55x
  energy: 14.843 fJ for 8 cells vs 80.66 fJ for 8 CMOS inverter cycles = 0.184x
