ran floor_vb_c16.cir in 16s

=== vb ===
tag                   VDD   edge    bhi |  t90 meas  t90 wave |  t80 meas  t95 wave |    end %
v06195239         0.61952    2.0   None |   197.138   197.138 |   151.521   235.169 |   100.00
v06227787         0.62278    2.0   None |   192.515   192.515 |   147.928   229.744 |   100.00
v06250081         0.62501    2.0   None |   189.454   189.454 |   145.550   226.150 |   100.00
v06281442         0.62814    2.0   None |   185.286   185.286 |   142.312   221.256 |   100.00
v06346269         0.63463    2.0   None |   177.156   177.156 |   135.998   211.704 |   100.00
v06418852         0.64189    2.0   None |   168.762   168.762 |   129.483   201.835 |   100.00
zc                1.20000    2.0   None |    57.143    57.143 |    47.319    66.185 |   100.00
v06467407         0.64674    2.0   None |   163.528   163.528 |   125.423   195.679 |   100.00
v06533813         0.65338    2.0   None |   156.821   156.821 |   120.221   187.784 |   100.00
v06571148         0.65711    2.0   None |   153.262   153.262 |   117.462   183.593 |   100.00
v06599975         0.66000    2.0   None |   150.612   150.612 |   115.408   180.472 |   100.00
v06634570         0.66346    2.0   None |   147.540   147.540 |   113.027   176.852 |   100.00
v06654636         0.66546    2.0   None |   145.810   145.810 |   111.687   174.813 |   100.00
v06673975         0.66740    2.0   None |   144.178   144.177 |   110.422   172.888 |   100.00
v06679827         0.66798    2.0   None |   143.690   143.690 |   110.044   172.314 |   100.00
v06702909         0.67029    2.0   None |   141.796   141.796 |   108.578   170.081 |   100.00
v06708517         0.67085    2.0   None |   141.343   141.343 |   108.227   169.547 |   100.00
v06736210         0.67362    2.0   None |   139.144   139.144 |   106.524   166.953 |   100.00
v06829926         0.68299    2.0   None |   132.152   132.152 |   101.111   158.703 |   100.00
v06966217         0.69662    2.0   None |   123.092   123.092 |    94.103   148.002 |   100.00
v07075917         0.70759    2.0   None |   116.624   116.624 |    89.103   140.354 |   100.00
v07138163         0.71382    2.0   None |   113.241   113.241 |    86.489   136.351 |   100.00
v07299406         0.72994    2.0   None |   105.321   105.321 |    80.374   126.973 |   100.00
v07327731         0.73277    2.0   None |   104.043   104.043 |    79.388   125.459 |   100.00
v07363833         0.73638    2.0   None |   102.460   102.460 |    78.166   123.583 |   100.00
v07572539         0.75725    2.0   None |    94.201    94.201 |    71.798   113.786 |   100.00
v07641540         0.76415    2.0   None |    91.769    91.769 |    69.924   110.898 |   100.00
v07730560         0.77306    2.0   None |    88.823    88.823 |    67.655   107.399 |   100.00
v07741981         0.77420    2.0   None |    88.460    88.460 |    67.376   106.967 |   100.00
v07861595         0.78616    2.0   None |    84.842    84.842 |    64.591   102.666 |   100.00
v07872781         0.78728    2.0   None |    84.520    84.520 |    64.343   102.283 |   100.00
v07387697         0.73877    2.0   None |   101.440   101.440 |    77.380   122.374 |   100.00
v07390067         0.73901    2.0   None |   101.340   101.340 |    77.302   122.255 |   100.00
v07405646         0.74056    2.0   None |   100.687   100.687 |    76.799   121.481 |   100.00
v07475695         0.74757    2.0   None |    97.854    97.854 |    74.614   118.121 |   100.00
v07492211         0.74922    2.0   None |    97.210    97.210 |    74.118   117.357 |   100.00
v07534859         0.75349    2.0   None |    95.588    95.588 |    72.867   115.432 |   100.00
v07903603         0.79036    2.0   None |    83.647    83.647 |    63.671   101.245 |   100.00
v07950571         0.79506    2.0   None |    82.355    82.355 |    62.677    99.708 |   100.00
v08029500         0.80295    2.0   None |    80.282    80.282 |    61.083    97.240 |   100.00
v08043134         0.80431    2.0   None |    79.936    79.936 |    60.817    96.828 |   100.00
v08072986         0.80730    2.0   None |    79.190    79.190 |    60.243    95.939 |   100.00
v08168860         0.81689    2.0   None |    76.897    76.897 |    58.481    93.209 |   100.00
v08182202         0.81822    2.0   None |    76.590    76.590 |    58.245    92.843 |   100.00
v08217252         0.82173    2.0   None |    75.797    75.797 |    57.635    91.898 |   100.00
v08243055         0.82431    2.0   None |    75.225    75.225 |    57.196    91.217 |   100.00
v08249330         0.82493    2.0   None |    75.088    75.088 |    57.090    91.053 |   100.00
v08270221         0.82702    2.0   None |    74.634    74.634 |    56.742    90.512 |   100.00
v08276851         0.82769    2.0   None |    74.492    74.492 |    56.632    90.342 |   100.00
v08301959         0.83020    2.0   None |    73.957    73.957 |    56.222    89.705 |   100.00
v08354156         0.83542    2.0   None |    72.875    72.875 |    55.391    88.415 |   100.00
v08381592         0.83816    2.0   None |    72.321    72.321 |    54.966    87.754 |   100.00
v08421381         0.84214    2.0   None |    71.536    71.536 |    54.363    86.817 |   100.00
v08440534         0.84405    2.0   None |    71.165    71.165 |    54.078    86.375 |   100.00
v08450025         0.84500    2.0   None |    70.983    70.983 |    53.938    86.157 |   100.00
v08511384         0.85114    2.0   None |    69.833    69.833 |    53.055    84.784 |   100.00
v08532536         0.85325    2.0   None |    69.447    69.447 |    52.759    84.323 |   100.00
v08578156         0.85782    2.0   None |    68.631    68.631 |    52.133    83.350 |   100.00
v08697704         0.86977    2.0   None |    66.602    66.602 |    50.577    80.926 |   100.00
v08779144         0.87791    2.0   None |    65.303    65.303 |    49.581    79.374 |   100.00
v08848395         0.88484    2.0   None |    64.248    64.248 |    48.772    78.112 |   100.00
v08961159         0.89612    2.0   None |    62.619    62.619 |    47.525    76.164 |   100.00
v08984953         0.89850    2.0   None |    62.289    62.289 |    47.272    75.769 |   100.00
v08989272         0.89893    2.0   None |    62.230    62.230 |    47.226    75.698 |   100.00
v09084940         0.90849    2.0   None |    60.950    60.950 |    46.246    74.166 |   100.00
v09116509         0.91165    2.0   None |    60.542    60.542 |    45.934    73.678 |   100.00
v09133980         0.91340    2.0   None |    60.320    60.320 |    45.764    73.412 |   100.00
v09147288         0.91473    2.0   None |    60.152    60.152 |    45.635    73.211 |   100.00
v09186902         0.91869    2.0   None |    59.659    59.659 |    45.258    72.621 |   100.00
v09189394         0.91894    2.0   None |    59.628    59.628 |    45.234    72.584 |   100.00
v09237624         0.92376    2.0   None |    59.044    59.044 |    44.787    71.884 |   100.00
v09244992         0.92450    2.0   None |    58.956    58.956 |    44.720    71.778 |   100.00
v09273350         0.92734    2.0   None |    58.620    58.620 |    44.463    71.377 |   100.00
v09296945         0.92969    2.0   None |    58.345    58.345 |    44.252    71.047 |   100.00
v09301738         0.93017    2.0   None |    58.290    58.290 |    44.210    70.980 |   100.00
v09345467         0.93455    2.0   None |    57.790    57.790 |    43.828    70.382 |   100.00
v09455054         0.94551    2.0   None |    56.588    56.588 |    42.909    68.940 |   100.00
v09468739         0.94687    2.0   None |    56.443    56.443 |    42.797    68.766 |   100.00
v09471547         0.94715    2.0   None |    56.413    56.413 |    42.775    68.730 |   100.00
v09557894         0.95579    2.0   None |    55.521    55.521 |    42.093    67.660 |   100.00
v09671287         0.96713    2.0   None |    54.406    54.406 |    41.241    66.323 |   100.00
v09813494         0.98135    2.0   None |    53.095    53.095 |    40.239    64.748 |   100.00
v09886387         0.98864    2.0   None |    52.457    52.457 |    39.752    63.981 |   100.00
v09919974         0.99200    2.0   None |    52.170    52.170 |    39.533    63.637 |   100.00
v10106660         1.01067    2.0   None |    50.656    50.656 |    38.378    61.817 |   100.00
v10199450         1.01995    2.0   None |    49.951    49.951 |    37.840    60.968 |   100.00
v10412980         1.04130    2.0   None |    48.433    48.433 |    36.684    59.142 |   100.00
v07586052         0.75861    2.0   None |    93.714    93.714 |    71.423   113.208 |   100.00
v07634268         0.76343    2.0   None |    92.019    92.019 |    70.117   111.195 |   100.00
v07750873         0.77509    2.0   None |    88.179    88.179 |    67.160   106.634 |   100.00
v07951953         0.79520    2.0   None |    82.318    82.318 |    62.649    99.663 |   100.00
v08272721         0.82727    2.0   None |    74.580    74.580 |    56.700    90.448 |   100.00

=== per-deck companion check (committed bc112 t90 = 57.1432 ps) ===
OK   vb   zc t90 57.1432 ps (rel 1.24e-16)
