ran floor_vb_c7.cir in 18s

=== vb ===
tag                   VDD   edge    bhi |  t90 meas  t90 wave |  t80 meas  t95 wave |    end %
v06195239         0.61952    2.0   None |   197.138   197.138 |   151.521   235.169 |   100.00
v06227787         0.62278    2.0   None |   192.515   192.515 |   147.928   229.744 |   100.00
v06250081         0.62501    2.0   None |   189.454   189.454 |   145.550   226.150 |   100.00
v06281442         0.62814    2.0   None |   185.286   185.286 |   142.312   221.256 |   100.00
v06346269         0.63463    2.0   None |   177.156   177.156 |   135.998   211.704 |   100.00
v06418852         0.64189    2.0   None |   168.762   168.762 |   129.483   201.835 |   100.00
zc                1.20000    2.0   None |    57.143    57.143 |    47.319    66.185 |   100.00
v06467407         0.64674    2.0   None |   163.528   163.528 |   125.423   195.679 |   100.00
v06533813         0.65338    2.0   None |   156.821   156.821 |   120.221   187.784 |   100.00
v06571148         0.65711    2.0   None |   153.262   153.262 |   117.462   183.593 |   100.00
v06599975         0.66000    2.0   None |   150.612   150.612 |   115.408   180.472 |   100.00
v06634570         0.66346    2.0   None |   147.540   147.540 |   113.027   176.852 |   100.00
v06654636         0.66546    2.0   None |   145.810   145.810 |   111.687   174.813 |   100.00
v06673975         0.66740    2.0   None |   144.178   144.177 |   110.422   172.888 |   100.00
v06679827         0.66798    2.0   None |   143.690   143.690 |   110.044   172.314 |   100.00
v06702909         0.67029    2.0   None |   141.796   141.796 |   108.578   170.081 |   100.00
v06708517         0.67085    2.0   None |   141.343   141.343 |   108.227   169.547 |   100.00
v06736210         0.67362    2.0   None |   139.144   139.144 |   106.524   166.953 |   100.00
v06829926         0.68299    2.0   None |   132.152   132.152 |   101.111   158.703 |   100.00
v06966217         0.69662    2.0   None |   123.092   123.092 |    94.103   148.002 |   100.00
v07075917         0.70759    2.0   None |   116.624   116.624 |    89.103   140.354 |   100.00
v07138163         0.71382    2.0   None |   113.241   113.241 |    86.489   136.351 |   100.00
v07299406         0.72994    2.0   None |   105.321   105.321 |    80.374   126.973 |   100.00
v07327731         0.73277    2.0   None |   104.043   104.043 |    79.388   125.459 |   100.00
v07363833         0.73638    2.0   None |   102.460   102.460 |    78.166   123.583 |   100.00
v07572539         0.75725    2.0   None |    94.201    94.201 |    71.798   113.786 |   100.00
v07641540         0.76415    2.0   None |    91.769    91.769 |    69.924   110.898 |   100.00
v07730560         0.77306    2.0   None |    88.823    88.823 |    67.655   107.399 |   100.00
v07741981         0.77420    2.0   None |    88.460    88.460 |    67.376   106.967 |   100.00
v07861595         0.78616    2.0   None |    84.842    84.842 |    64.591   102.666 |   100.00
v07872781         0.78728    2.0   None |    84.520    84.520 |    64.343   102.283 |   100.00
v07387697         0.73877    2.0   None |   101.440   101.440 |    77.380   122.374 |   100.00
v07390067         0.73901    2.0   None |   101.340   101.340 |    77.302   122.255 |   100.00
v07405646         0.74056    2.0   None |   100.687   100.687 |    76.799   121.481 |   100.00
v07475695         0.74757    2.0   None |    97.854    97.854 |    74.614   118.121 |   100.00
v07492211         0.74922    2.0   None |    97.210    97.210 |    74.118   117.357 |   100.00
v07534859         0.75349    2.0   None |    95.588    95.588 |    72.867   115.432 |   100.00
v07903603         0.79036    2.0   None |    83.647    83.647 |    63.671   101.245 |   100.00
v07950571         0.79506    2.0   None |    82.355    82.355 |    62.677    99.708 |   100.00
v08029500         0.80295    2.0   None |    80.282    80.282 |    61.083    97.240 |   100.00
v08043134         0.80431    2.0   None |    79.936    79.936 |    60.817    96.828 |   100.00
v08072986         0.80730    2.0   None |    79.190    79.190 |    60.243    95.939 |   100.00
v08168860         0.81689    2.0   None |    76.897    76.897 |    58.481    93.209 |   100.00
v08182202         0.81822    2.0   None |    76.590    76.590 |    58.245    92.843 |   100.00
v08217252         0.82173    2.0   None |    75.797    75.797 |    57.635    91.898 |   100.00
v08243055         0.82431    2.0   None |    75.225    75.225 |    57.196    91.217 |   100.00
v08249330         0.82493    2.0   None |    75.088    75.088 |    57.090    91.053 |   100.00
v08270221         0.82702    2.0   None |    74.634    74.634 |    56.742    90.512 |   100.00
v08276851         0.82769    2.0   None |    74.492    74.492 |    56.632    90.342 |   100.00

=== per-deck companion check (committed bc112 t90 = 57.1432 ps) ===
OK   vb   zc t90 57.1432 ps (rel 1.24e-16)
